91 88 1 0 23
92 65 1 0 16
73 46 0 1 17
89 78 1 0 17
83 64 0 1 20
91 64 0 1 20
100 64 0 1 22
78 64 0 1 20
84 74 1 0 19
91 50 1 0 14
99 75 1 0 20
66 71 0 1 19
83 70 0 1 13
106 51 1 0 15
110 56 1 0 19
80 72 0 1 17
74 85 0 1 16
88 44 0 1 15
120 44 0 1 16
82 44 0 1 19
62 44 0 1 17
94 77 1 0 22.5
118 74 0 1 16
79 86 1 0 17.5
79 90 1 0 18
85 77 1 0 19
86 48 0 1 18
83 69 0 1 19
81 90 0 1 25
82 76 0 1 13
79 57 1 0 18
102 67 0 1 17
73 57 0 1 20
92 70 0 1 19
79 88 0 1 16
75 88 0 1 15
109 26 0 1 16
81 73 0 1 14
84 85 0 1 19
91 19 0 1 17.5
90 90 0 1 17
65 52 1 0 17
107 61 0 1 17
83 48 1 0 22
98 37 1 0 19
84 77 1 0 18.5
76 67 1 0 15
88 78 0 1 18.5
115 29 0 1 19
92 81 1 0 20.5